export const undoTrainMap =  [{"N": 30, "total": 300, "R": 40000, "r": [24093.212405036786, 39464.68309000117, 19310.74566169999, 29454.6283932369, 30985.98039619506, 14281.36682520349, 31254.512330596426, 16410.697315254627, 8203.599874678357, 37579.31231940445, 16409.242188447686, 17648.129355261048, 10119.124294983956, 12096.10056496825, 32849.559024068614, 33092.791717917215, 20664.686061961875, 776.1501060611974, 28627.499874209352, 26000.139253601144, 19018.278163972725, 3457.213330483624, 2061.450608748947, 16569.315584159784, 7509.586612560129, 6388.419937215129, 20816.672370648634, 39871.31415420908, 7282.552678882746, 36003.11236640781], "phi": [0.7028983205117566, 6.165722127409699, 4.130712061409225, 1.0591899912440745, 3.7861499115276787, 5.274617550433507, 2.638200426395685, 2.9732011782532655, 2.4833726686778697, 1.319994443631411, 4.294350987082773, 3.6257985583224532, 4.5696950477985405, 4.303764016258781, 2.157970354919022, 0.021940202611964794, 3.28546997086347, 0.9809992246188274, 5.03745835872915, 5.469193841321292, 0.41344403173730604, 2.244331690069339, 0.7808411442138935, 0.4647871451468122, 6.021317673482401, 5.482239809042311, 1.6268333171451927, 5.191046641849819, 1.1300154381695942, 0.47358350112527947], "x": [118, 197, -76, 84, -140, 63, -154, -126, -71, 48, -52, -117, -14, -43, -100, 181, -142, 15, 54, 110, 126, -36, 32, 115, 83, 55, -8, 91, 36, 168], "y": [100, -23, -116, 149, -105, -101, 85, 21, 55, 187, -117, -61, -99, -100, 150, 3, -20, 23, -160, -117, 55, 45, 31, 57, -22, -57, 144, -177, 77, 86], "xy": [[118, 100], [197, -23], [-76, -116], [84, 149], [-140, -105], [63, -101], [-154, 85], [-126, 21], [-71, 55], [48, 187], [-52, -117], [-117, -61], [-14, -99], [-43, -100], [-100, 150], [181, 3], [-142, -20], [15, 23], [54, -160], [110, -117], [126, 55], [-36, 45], [32, 31], [115, 57], [83, -22], [55, -57], [-8, 144], [91, -177], [36, 77], [168, 86]], "city_start": [118, 100], "distance": [[0.0, 146.18481453283715, 290.33084576048753, 59.64059020499378, 329.52845097199116, 208.38905921376966, 272.4132889563209, 256.47027118167125, 194.28329830430613, 111.66467659918243, 275.6610237229776, 284.8613697923957, 238.79907872519107, 256.7508519946915, 223.6604569431083, 115.66330446602328, 286.35642126552705, 128.6001555209013, 267.76108753887297, 217.14741536569116, 45.70557952810576, 163.52675622050356, 110.25878649794764, 43.104524124504614, 126.92123541787639, 169.1685549976709, 133.46160496562297, 278.31277369175854, 85.16454661418682, 51.92301994298868], [146.18481453283715, 0.0, 288.4059638773096, 205.7984450864486, 346.8328127498896, 155.04837954651444, 367.23970373585695, 325.9831283977746, 279.1200458584084, 257.489805623446, 266.1522120892479, 316.29100524675056, 224.26992665089986, 252.04959829366916, 343.71208881853426, 30.528675044947494, 339.01327407639957, 187.72320048411703, 198.0353503796734, 128.08200498118384, 105.47511554864494, 242.72000329597887, 173.61163555476344, 114.56002793295748, 114.00438588054409, 146.01369798755184, 264.41255643406953, 186.9545399288287, 189.52836199366047, 112.79184367674819], [290.33084576048753, 288.4059638773096, 0.0, 309.5561338432821, 64.93843238021688, 139.8070098385628, 215.60380330597138, 145.8389522727039, 171.0730837975396, 327.3912033027155, 24.020824298928627, 68.60029154456998, 64.28841264178172, 36.6742416417845, 267.0805122055894, 283.21370023358685, 116.49892703368559, 166.13849644197458, 137.2443077143821, 186.00268815261785, 264.66015944981217, 165.89454481688057, 182.40888136272312, 257.70137756713683, 184.70787747142785, 143.67324037551322, 268.7452325158532, 177.79201331893398, 223.14345161801185, 316.76489704511135], [59.64059020499378, 205.7984450864486, 309.5561338432821, 0.0, 338.6620734596657, 250.88044961694405, 246.45486402179202, 245.93495074917675, 181.27603261324978, 52.3450093132096, 298.75073221667594, 290.69055712217414, 266.66083326952986, 279.5174413162799, 184.00271737123884, 175.28548142958104, 282.20028348674634, 143.65583872575453, 310.4528949776439, 267.26765610526087, 102.95630140987001, 158.79546593023366, 128.94960255851896, 97.082439194738, 171.00292395160966, 208.03124765284662, 92.13576938409967, 326.0751447136074, 86.53323061113575, 105.0], [329.52845097199116, 346.8328127498896, 64.93843238021688, 338.6620734596657, 0.0, 203.03940504246953, 190.51509126575775, 126.77539193392383, 174.24408167854654, 347.28662513837185, 88.81441324469807, 49.64876634922564, 126.14277624977183, 97.12878049270464, 258.11818998280614, 338.6812660895196, 85.0235261559999, 201.0198995124612, 201.64572894063488, 250.28783430282823, 310.4126286090822, 182.5267103741258, 219.27152117865194, 302.1075967267291, 237.94537188186703, 200.82081565415473, 281.82441342083905, 241.96074061715052, 253.17977802344325, 362.41550739448223], [208.38905921376966, 155.04837954651444, 139.8070098385628, 250.88044961694405, 203.03940504246953, 0.0, 285.8058781760795, 224.95555116511352, 205.65018842685265, 288.39036044916617, 116.1077086157504, 184.39088914585776, 77.02596964660685, 106.00471687618433, 299.2824752637548, 157.2895419282541, 220.42232191862965, 132.9661611087573, 59.682493245507096, 49.64876634922564, 168.24089871371942, 176.40011337864837, 135.5912976558599, 166.33700730745397, 81.49233092751734, 44.721359549995796, 255.08037948850554, 80.99382692526635, 180.0361074895811, 214.46211786700232], [272.4132889563209, 367.23970373585695, 215.60380330597138, 246.45486402179202, 190.51509126575775, 285.8058781760795, 0.0, 69.85699678629192, 88.25531145489205, 226.29184695874486, 226.29184695874486, 150.6154042586614, 231.2055362658948, 215.74522010927612, 84.50443775329198, 344.88983748437704, 105.68348972285122, 180.01388835309348, 321.38606068092, 332.41540277189324, 281.60255680657446, 124.59534501738017, 193.68014869882768, 270.4533231446787, 260.03461308064357, 252.67568145747623, 157.47063218263906, 358.70461385379474, 190.16834647227702, 322.001552791287], [256.47027118167125, 325.9831283977746, 145.8389522727039, 245.93495074917675, 126.77539193392383, 224.95555116511352, 69.85699678629192, 0.0, 64.66065264130884, 240.4828476211973, 156.58863304850706, 82.49242389456137, 164.14627622946554, 146.7310464761974, 131.59407281484982, 307.52723456630633, 44.01136216933077, 141.01418368376991, 255.266527378738, 273.38617375427015, 254.2833065696606, 93.14504817756014, 158.3161394173064, 243.67396249907375, 213.37759957408838, 197.0913493789111, 170.4494059831245, 293.7567020512043, 171.40595088852663, 301.09965127844305], [194.28329830430613, 279.1200458584084, 171.0730837975396, 181.27603261324978, 174.24408167854654, 205.65018842685265, 88.25531145489205, 64.66065264130884, 0.0, 177.72169254201918, 173.04623659588788, 124.78781991845197, 164.21023110634732, 157.50872991678906, 99.32774033471213, 257.30915257720625, 103.27632836231156, 91.76055797563569, 248.69660230891776, 249.68980756130196, 197.0, 36.40054944640259, 105.75916035975324, 186.01075237738274, 172.1772342674838, 168.58232410309213, 109.04127658827184, 282.9628950940388, 109.23827168167757, 241.0020746798666], [111.66467659918243, 257.489805623446, 327.3912033027155, 52.3450093132096, 347.28662513837185, 288.39036044916617, 226.29184695874486, 240.4828476211973, 177.72169254201918, 0.0, 320.0249990235138, 297.87413449307746, 292.64312737530673, 301.0813843464919, 152.55490814785344, 227.03523955544875, 280.9786468755233, 167.28717822953436, 347.0518693221519, 310.2579571904643, 153.32318807016765, 164.98484778912274, 156.81836627130127, 146.24978632463024, 211.91035840656775, 244.10038918445008, 70.60453243241541, 366.5310355208683, 110.65260954898443, 156.84705926475002], [275.6610237229776, 266.1522120892479, 24.020824298928627, 298.75073221667594, 88.81441324469807, 116.1077086157504, 226.29184695874486, 156.58863304850706, 173.04623659588788, 320.0249990235138, 0.0, 85.7962703152066, 42.04759208325728, 19.235384061671343, 271.28029784707917, 262.08586379276545, 132.32157798333574, 155.2063143045411, 114.38968484964018, 162.0, 247.52373623553763, 162.78820596099706, 170.1763790894612, 241.17421089328766, 165.07574019219177, 122.67436570041843, 264.6828290615015, 155.07740002979156, 213.02582003128165, 299.34762400927787], [284.8613697923957, 316.29100524675056, 68.60029154456998, 290.69055712217414, 49.64876634922564, 184.39088914585776, 150.6154042586614, 82.49242389456137, 124.78781991845197, 297.87413449307746, 85.7962703152066, 0.0, 109.78615577567146, 83.64807230295268, 211.68372634664195, 304.7950130825634, 48.02082881417188, 156.46085772486356, 197.59048560090133, 233.80547470065795, 269.2675249635574, 133.4053971921676, 175.1142484208524, 260.2844597743015, 203.7670238286853, 172.04650534085255, 232.1766568800576, 238.15961034566715, 206.0412580043133, 320.67740799750766], [238.79907872519107, 224.26992665089986, 64.28841264178172, 266.66083326952986, 126.14277624977183, 77.02596964660685, 231.2055362658948, 164.14627622946554, 164.21023110634732, 292.64312737530673, 42.04759208325728, 109.78615577567146, 0.0, 29.017236257093817, 263.4331034627197, 220.06589922111968, 150.41608956491322, 125.39936203984452, 91.35097153287424, 125.29964086141668, 208.12496246245908, 145.67086187704115, 137.8985134075056, 202.42776489404807, 123.84667940643382, 80.77747210701756, 243.0740627874558, 130.80137613954986, 182.96447742663054, 259.5168587972658], [256.7508519946915, 252.04959829366916, 36.6742416417845, 279.5174413162799, 97.12878049270464, 106.00471687618433, 215.74522010927612, 146.7310464761974, 157.50872991678906, 301.0813843464919, 19.235384061671343, 83.64807230295268, 29.017236257093817, 0.0, 256.4156781478075, 246.5461417260469, 127.283148923964, 135.988970140964, 114.0570032922135, 153.9415473483361, 229.31637534201522, 145.16886718577092, 150.95032295427526, 222.73975846265077, 148.18906842274163, 107.01868995647443, 246.49746449000241, 154.5477272560163, 193.82982226685345, 281.27744310555727], [223.6604569431083, 343.71208881853426, 267.0805122055894, 184.00271737123884, 258.11818998280614, 299.2824752637548, 84.50443775329198, 131.59407281484982, 99.32774033471213, 152.55490814785344, 271.28029784707917, 211.68372634664195, 263.4331034627197, 256.4156781478075, 0.0, 317.1277345171816, 175.11139311878026, 171.3300907604966, 346.1444785057245, 339.68956416116174, 245.1550529766825, 122.96747537458837, 177.72169254201918, 234.25200105868893, 251.14338533992887, 258.6000773395089, 92.19544457292888, 378.69512803837335, 154.35349040433132, 275.5358415887124], [115.66330446602328, 30.528675044947494, 283.21370023358685, 175.28548142958104, 338.6812660895196, 157.2895419282541, 344.88983748437704, 307.52723456630633, 257.30915257720625, 227.03523955544875, 262.08586379276545, 304.7950130825634, 220.06589922111968, 246.5461417260469, 317.1277345171816, 0.0, 323.81785003300854, 167.20047846821492, 206.63494380186523, 139.43098651304163, 75.69015788066504, 221.0271476538572, 151.60804727981954, 85.27602242131137, 101.13851887386922, 139.5564401953561, 235.80076335754302, 201.24611797498108, 162.7912774076056, 84.01190391843289], [286.35642126552705, 339.01327407639957, 116.49892703368559, 282.20028348674634, 85.0235261559999, 220.42232191862965, 105.68348972285122, 44.01136216933077, 103.27632836231156, 280.9786468755233, 132.32157798333574, 48.02082881417188, 150.41608956491322, 127.283148923964, 175.11139311878026, 323.81785003300854, 0.0, 162.7820628939196, 240.86510747719356, 270.0240730009086, 278.29660436304283, 124.34226956268733, 181.3201588351389, 268.28715958837836, 225.00888871331284, 200.44450603596, 211.7829077144801, 280.9590717524529, 202.71408436514716, 327.621733100843], [128.6001555209013, 187.72320048411703, 166.13849644197458, 143.65583872575453, 201.0198995124612, 132.9661611087573, 180.01388835309348, 141.01418368376991, 91.76055797563569, 167.28717822953436, 155.2063143045411, 156.46085772486356, 125.39936203984452, 135.988970140964, 171.3300907604966, 167.20047846821492, 162.7820628939196, 0.0, 187.1095935541521, 169.1892431568863, 115.52056094046635, 55.54277630799526, 18.788294228055936, 105.62196741208714, 81.54140052758476, 89.44271909999159, 123.1665539016173, 213.95326592506132, 57.9396237474839, 165.46298679765212], [267.76108753887297, 198.0353503796734, 137.2443077143821, 310.4528949776439, 201.64572894063488, 59.682493245507096, 321.38606068092, 255.266527378738, 248.69660230891776, 347.0518693221519, 114.38968484964018, 197.59048560090133, 91.35097153287424, 114.0570032922135, 346.1444785057245, 206.63494380186523, 240.86510747719356, 187.1095935541521, 0.0, 70.60453243241541, 226.73552875542023, 223.8861317723811, 192.26284092356485, 225.41073621280776, 141.01418368376991, 103.00485425454472, 310.2579571904643, 40.718546143004666, 237.68256141332708, 271.1309646646801], [217.14741536569116, 128.08200498118384, 186.00268815261785, 267.26765610526087, 250.28783430282823, 49.64876634922564, 332.41540277189324, 273.38617375427015, 249.68980756130196, 310.2579571904643, 162.0, 233.80547470065795, 125.29964086141668, 153.9415473483361, 339.68956416116174, 139.43098651304163, 270.0240730009086, 169.1892431568863, 70.60453243241541, 0.0, 172.74258305351347, 218.08255317654368, 167.29614460590537, 174.07182425654074, 98.76234100101111, 81.39410298049853, 286.4349838968697, 62.93647591023825, 207.63429389192913, 211.12318678913502], [45.70557952810576, 105.47511554864494, 264.66015944981217, 102.95630140987001, 310.4126286090822, 168.24089871371942, 281.60255680657446, 254.2833065696606, 197.0, 153.32318807016765, 247.52373623553763, 269.2675249635574, 208.12496246245908, 229.31637534201522, 245.1550529766825, 75.69015788066504, 278.29660436304283, 115.52056094046635, 226.73552875542023, 172.74258305351347, 0.0, 162.30834852218786, 97.01546268507923, 11.180339887498949, 88.19297024139736, 132.60844618650805, 160.86329600005092, 234.62523308459387, 92.64987857520376, 52.20153254455275], [163.52675622050356, 242.72000329597887, 165.89454481688057, 158.79546593023366, 182.5267103741258, 176.40011337864837, 124.59534501738017, 93.14504817756014, 36.40054944640259, 164.98484778912274, 162.78820596099706, 133.4053971921676, 145.67086187704115, 145.16886718577092, 122.96747537458837, 221.0271476538572, 124.34226956268733, 55.54277630799526, 223.8861317723811, 218.08255317654368, 162.30834852218786, 0.0, 69.42621983083913, 151.47607071745688, 136.56500283747664, 136.69308687713507, 102.88342918079665, 255.75965279926388, 78.79086241436883, 208.07931180201456], [110.25878649794764, 173.61163555476344, 182.40888136272312, 128.94960255851896, 219.27152117865194, 135.5912976558599, 193.68014869882768, 158.3161394173064, 105.75916035975324, 156.81836627130127, 170.1763790894612, 175.1142484208524, 137.8985134075056, 150.95032295427526, 177.72169254201918, 151.60804727981954, 181.3201588351389, 18.788294228055936, 192.26284092356485, 167.29614460590537, 97.01546268507923, 69.42621983083913, 0.0, 86.97700845625813, 73.55270219373317, 90.95603333479313, 119.87076374162301, 216.20592036297248, 46.17358552246078, 146.70037491431302], [43.104524124504614, 114.56002793295748, 257.70137756713683, 97.082439194738, 302.1075967267291, 166.33700730745397, 270.4533231446787, 243.67396249907375, 186.01075237738274, 146.24978632463024, 241.17421089328766, 260.2844597743015, 202.42776489404807, 222.73975846265077, 234.25200105868893, 85.27602242131137, 268.28715958837836, 105.62196741208714, 225.41073621280776, 174.07182425654074, 11.180339887498949, 151.47607071745688, 86.97700845625813, 0.0, 85.23496934944014, 128.82546332150332, 150.65855435387664, 235.2275494069519, 81.49233092751734, 60.41522986797286], [126.92123541787639, 114.00438588054409, 184.70787747142785, 171.00292395160966, 237.94537188186703, 81.49233092751734, 260.03461308064357, 213.37759957408838, 172.1772342674838, 211.91035840656775, 165.07574019219177, 203.7670238286853, 123.84667940643382, 148.18906842274163, 251.14338533992887, 101.13851887386922, 225.00888871331284, 81.54140052758476, 141.01418368376991, 98.76234100101111, 88.19297024139736, 136.56500283747664, 73.55270219373317, 85.23496934944014, 0.0, 44.82186966202994, 189.30662957223657, 155.2063143045411, 109.59014554237986, 137.43725841270262], [169.1685549976709, 146.01369798755184, 143.67324037551322, 208.03124765284662, 200.82081565415473, 44.721359549995796, 252.67568145747623, 197.0913493789111, 168.58232410309213, 244.10038918445008, 122.67436570041843, 172.04650534085255, 80.77747210701756, 107.01868995647443, 258.6000773395089, 139.5564401953561, 200.44450603596, 89.44271909999159, 103.00485425454472, 81.39410298049853, 132.60844618650805, 136.69308687713507, 90.95603333479313, 128.82546332150332, 44.82186966202994, 0.0, 210.6418761785035, 125.2836781069266, 135.34031180694095, 182.25805880673698], [133.46160496562297, 264.41255643406953, 268.7452325158532, 92.13576938409967, 281.82441342083905, 255.08037948850554, 157.47063218263906, 170.4494059831245, 109.04127658827184, 70.60453243241541, 264.6828290615015, 232.1766568800576, 243.0740627874558, 246.49746449000241, 92.19544457292888, 235.80076335754302, 211.7829077144801, 123.1665539016173, 310.2579571904643, 286.4349838968697, 160.86329600005092, 102.88342918079665, 119.87076374162301, 150.65855435387664, 189.30662957223657, 210.6418761785035, 0.0, 335.91963324581076, 80.15609770940699, 185.31055015837603], [278.31277369175854, 186.9545399288287, 177.79201331893398, 326.0751447136074, 241.96074061715052, 80.99382692526635, 358.70461385379474, 293.7567020512043, 282.9628950940388, 366.5310355208683, 155.07740002979156, 238.15961034566715, 130.80137613954986, 154.5477272560163, 378.69512803837335, 201.24611797498108, 280.9590717524529, 213.95326592506132, 40.718546143004666, 62.93647591023825, 234.62523308459387, 255.75965279926388, 216.20592036297248, 235.2275494069519, 155.2063143045411, 125.2836781069266, 335.91963324581076, 0.0, 259.88651369395836, 274.04014304477363], [85.16454661418682, 189.52836199366047, 223.14345161801185, 86.53323061113575, 253.17977802344325, 180.0361074895811, 190.16834647227702, 171.40595088852663, 109.23827168167757, 110.65260954898443, 213.02582003128165, 206.0412580043133, 182.96447742663054, 193.82982226685345, 154.35349040433132, 162.7912774076056, 202.71408436514716, 57.9396237474839, 237.68256141332708, 207.63429389192913, 92.64987857520376, 78.79086241436883, 46.17358552246078, 81.49233092751734, 109.59014554237986, 135.34031180694095, 80.15609770940699, 259.88651369395836, 0.0, 132.30646242719968], [51.92301994298868, 112.79184367674819, 316.76489704511135, 105.0, 362.41550739448223, 214.46211786700232, 322.001552791287, 301.09965127844305, 241.0020746798666, 156.84705926475002, 299.34762400927787, 320.67740799750766, 259.5168587972658, 281.27744310555727, 275.5358415887124, 84.01190391843289, 327.621733100843, 165.46298679765212, 271.1309646646801, 211.12318678913502, 52.20153254455275, 208.07931180201456, 146.70037491431302, 60.41522986797286, 137.43725841270262, 182.25805880673698, 185.31055015837603, 274.04014304477363, 132.30646242719968, 0.0]]}, {"N": 30, "total": 300, "R": 40000, "r": [19501.15341947632, 38603.94548434353, 14792.880572565555, 20121.32188918902, 7633.978712692695, 37336.79571695363, 2900.753796317748, 38832.2419795018, 13683.155096611634, 14773.643936885583, 27481.55511548115, 19428.482821112266, 7425.996471018772, 32592.091479015533, 15686.300421121237, 20738.102297351303, 15543.054787873829, 30827.377273420443, 25842.030255608064, 18811.795171913564, 11667.963471186602, 6606.202798867007, 4426.995293300573, 22983.973471831618, 38448.37128871202, 36230.10462290626, 32208.306003047106, 14792.363012525619, 17420.188772676793, 17722.775027688425], "phi": [5.2303077307933155, 1.7436990068308345, 0.017655541589124645, 0.6047139148554226, 1.846201676683506, 0.5415562216866416, 0.5476859227535638, 0.17645521666905054, 2.7971758668771964, 4.824620566546678, 0.18749256549399057, 3.9692545896976124, 3.146070982229475, 0.1424451366346214, 4.18328891378665, 1.133278268108127, 4.348291026809434, 6.043232548664943, 1.743856667256603, 3.501645871242965, 3.113731253374679, 1.6495268393984828, 5.459202506262518, 1.564050533671343, 4.976692306368229, 5.104266522401886, 3.4588594884910377, 1.41733191440003, 2.8333962634034564, 3.3070833083703692], "x": [69, -33, 121, 116, -23, 165, 45, 193, -110, 13, 162, -94, -86, 178, -63, 61, -44, 170, -27, -128, -107, -6, 45, 1, 51, 72, -170, 18, -125, -131], "y": [-121, 193, 2, 80, 84, 99, 28, 34, 39, -120, 30, -102, 0, 25, -108, 130, -116, -41, 158, -48, 3, 81, -48, 151, -189, -175, -55, 120, 40, -21], "xy": [[69, -121], [-33, 193], [121, 2], [116, 80], [-23, 84], [165, 99], [45, 28], [193, 34], [-110, 39], [13, -120], [162, 30], [-94, -102], [-86, 0], [178, 25], [-63, -108], [61, 130], [-44, -116], [170, -41], [-27, 158], [-128, -48], [-107, 3], [-6, 81], [45, -48], [1, 151], [51, -189], [72, -175], [-170, -55], [18, 120], [-125, 40], [-131, -21]], "city_start": [69, -121], "distance": [[0.0, 330.15148038438355, 133.5402561027947, 206.42189806316577, 224.69757453074567, 240.03333101883996, 150.9205088780183, 198.4968513604183, 240.08540147205952, 56.00892785976178, 177.341478509682, 164.10362579784763, 196.6367208839692, 182.20043907740728, 132.6386067478093, 251.127457678367, 113.11056537742175, 128.84486796143648, 295.05423230314796, 210.09045670853305, 215.29514625276622, 215.4738963308549, 76.84399781375251, 280.3711825420009, 70.3420215802759, 54.08326913195984, 247.94555854057964, 246.33716731342025, 252.10513679812237, 223.60679774997897], [330.15148038438355, 0.0, 245.3507693079441, 187.00267377767625, 109.45775440780794, 219.18029108475972, 182.50753409106156, 276.3277040037788, 172.1772342674838, 316.36213427020624, 254.15349692656207, 301.24076749337894, 200.1449474755733, 269.71281022598833, 302.49132218957953, 113.1591799192624, 309.19573088902763, 309.78218154051405, 35.510561809129406, 259.04825805243314, 203.90193721492693, 115.20850663036997, 253.3081127796739, 54.037024344425184, 391.1265779770022, 382.6865558129786, 283.3249018353311, 89.05054744357274, 178.53010950537168, 235.3720459187964], [133.5402561027947, 245.3507693079441, 0.0, 78.16009211867653, 165.71059109181888, 106.51291001564083, 80.32434251209281, 78.79086241436883, 233.94443784796422, 162.9355700883021, 49.64876634922564, 238.8325773423718, 207.00966161027364, 61.465437442517235, 214.37350582569667, 141.36477637657833, 202.85216291674092, 65.19202405202648, 215.0348808914498, 253.97047072445253, 228.0021929719098, 149.56603892595405, 90.97252332435328, 191.31387822110554, 203.42320418280704, 183.65728953678914, 296.5299310356376, 156.6301375853319, 248.91765706755317, 253.04742638485774], [206.42189806316577, 187.00267377767625, 78.16009211867653, 0.0, 139.05754204644924, 52.55473337388365, 88.0056816347672, 89.69392398596462, 229.68892006363737, 224.96444163467257, 67.94115100585212, 277.8920653779089, 217.26481537515457, 82.87943049997388, 259.5862091868518, 74.33034373659252, 253.0138336138955, 132.5028301584536, 162.88953311984167, 275.5358415887124, 235.9194777885031, 122.00409829181969, 146.37281168304446, 135.15176654413364, 276.7417568781408, 258.7682360723588, 316.26096818924714, 105.84894897919393, 244.29695045169925, 266.8520189168521], [224.69757453074567, 109.45775440780794, 165.71059109181888, 139.05754204644924, 0.0, 188.59745491389856, 88.09086218218096, 221.71152428324515, 97.94896630388705, 207.15211801958483, 192.7200041511, 199.090431713832, 105.0, 209.4803093371785, 196.1224107541002, 95.77055915050303, 201.0994778710278, 229.94347131414713, 74.10802925459562, 168.66831356244717, 116.69190203266035, 17.26267650163207, 148.48568954616468, 71.16881339463234, 282.85155117128136, 275.87315925983086, 202.3116407921205, 54.56189146281496, 111.08555261599052, 150.6286825275983], [240.03333101883996, 219.18029108475972, 106.51291001564083, 52.55473337388365, 188.59745491389856, 0.0, 139.43098651304163, 70.77428911688199, 281.4693589007514, 266.58019431308094, 69.06518659932803, 327.84447532328494, 269.8184574857695, 75.13321502504735, 307.9496712126837, 108.52188719332152, 299.84329240454923, 140.089257261219, 200.8606482116395, 327.8078705583501, 288.44410203711914, 171.9447585708852, 189.76037521042164, 172.04650534085255, 309.7418279793674, 289.35272592460575, 368.70177650778953, 148.49242404917499, 295.9408724728641, 319.3994364428341], [150.9205088780183, 182.50753409106156, 80.32434251209281, 88.0056816347672, 88.09086218218096, 139.43098651304163, 0.0, 148.12157169028418, 155.3898323572041, 151.4199458459816, 117.01709276853532, 190.31815467789718, 133.9589489358587, 133.0338302838793, 173.6663467687393, 103.24727599312246, 169.28378540191025, 142.77955035648486, 148.60686390607938, 188.95766721676048, 154.042202009709, 73.55270219373317, 76.0, 130.6330739131557, 217.0829334609241, 204.78769494283586, 230.46474784660668, 95.88013350011565, 170.42300314218147, 182.69373278796402], [198.4968513604183, 276.3277040037788, 78.79086241436883, 89.69392398596462, 221.71152428324515, 70.77428911688199, 148.12157169028418, 0.0, 303.0412513173743, 236.88815926508443, 31.25699921617557, 317.59250620882096, 281.06404963993526, 17.4928556845359, 292.7456233660889, 163.21764610482532, 280.47994580718245, 78.44743462982075, 252.53910588263355, 331.30801378777426, 301.59741378201505, 204.47493733951845, 169.19810873647495, 224.8399430706208, 264.372842780797, 241.49948240110163, 373.75125417849773, 194.9897433200013, 318.0565987367657, 328.63505595112645], [240.08540147205952, 172.1772342674838, 233.94443784796422, 229.68892006363737, 97.94896630388705, 281.4693589007514, 155.3898323572041, 303.0412513173743, 0.0, 201.02238681301145, 272.1488563268271, 141.90489773083945, 45.79301256742124, 288.3400769924292, 154.33081351434652, 193.70596273734063, 168.46661390317072, 291.20439557122074, 145.08618128546908, 88.84255736976509, 36.124783736376884, 112.16059914247963, 177.74701122663075, 157.68639763784319, 279.1146717748818, 280.9270367906941, 111.51681487560519, 151.47607071745688, 15.033296378372908, 63.56886030125127], [56.00892785976178, 316.36213427020624, 162.9355700883021, 224.96444163467257, 207.15211801958483, 266.58019431308094, 151.4199458459816, 236.88815926508443, 201.02238681301145, 0.0, 211.42611002428248, 108.50345616615168, 155.56670594957006, 219.65882636488797, 76.94153624668537, 254.566297847928, 57.14017850864661, 175.75551200460256, 280.8629559055448, 158.31929762350515, 171.84004189943624, 201.89601283829256, 78.79086241436883, 271.26555254952666, 78.77182237323191, 80.65977932030313, 194.20092687729377, 240.05207768315609, 211.29126815843574, 174.7483905505284], [177.341478509682, 254.15349692656207, 49.64876634922564, 67.94115100585212, 192.7200041511, 69.06518659932803, 117.01709276853532, 31.25699921617557, 272.1488563268271, 211.42611002428248, 0.0, 288.0277764383151, 249.80792621532248, 16.76305461424021, 263.9488586828896, 142.13022197970423, 252.4915840181609, 71.449282711585, 228.26519664635694, 300.3065100859454, 270.3516228913746, 175.57049866079439, 140.61649974309557, 201.40009930484146, 245.52392958732148, 223.8861317723811, 342.70833080040524, 169.81166037701888, 287.1741631832502, 297.40544715926103], [164.10362579784763, 301.24076749337894, 238.8325773423718, 277.8920653779089, 199.090431713832, 327.84447532328494, 190.31815467789718, 317.59250620882096, 141.90489773083945, 108.50345616615168, 288.0277764383151, 0.0, 102.3132444994293, 300.18827425467504, 31.575306807693888, 279.0143365492175, 51.92301994298868, 270.95571593897034, 268.4939477902621, 63.812224534175265, 105.80170130957252, 203.05910469614506, 149.12075643584967, 270.2480342204176, 169.09760495051373, 181.34221791960084, 89.35882720806042, 248.65236777477105, 145.34441853748632, 89.05054744357274], [196.6367208839692, 200.1449474755733, 207.00966161027364, 217.26481537515457, 105.0, 269.8184574857695, 133.9589489358587, 281.06404963993526, 45.79301256742124, 155.56670594957006, 249.80792621532248, 102.3132444994293, 0.0, 265.18107021429716, 110.42191811411355, 196.23710148695125, 123.36936410632909, 259.26241532470533, 168.65645555388622, 63.7808748764079, 21.213203435596427, 113.84638773364749, 139.51702405083043, 174.26990560621763, 233.43093196918014, 235.77319610167734, 100.40418317978589, 158.79546593023366, 55.86591089385369, 49.658836071740545], [182.20043907740728, 269.71281022598833, 61.465437442517235, 82.87943049997388, 209.4803093371785, 75.13321502504735, 133.0338302838793, 17.4928556845359, 288.3400769924292, 219.65882636488797, 16.76305461424021, 300.18827425467504, 265.18107021429716, 0.0, 275.26351011349107, 157.20687007888682, 262.9923953273174, 66.48308055437865, 244.36448187083164, 314.58703088334715, 285.84786163272236, 192.33304448274092, 151.71684151734772, 217.26711670199887, 248.84734276258607, 226.35370551417972, 357.07702250354896, 186.07794065928394, 303.37105992497044, 312.40518561637225], [132.6386067478093, 302.49132218957953, 214.37350582569667, 259.5862091868518, 196.1224107541002, 307.9496712126837, 173.6663467687393, 292.7456233660889, 154.33081351434652, 76.94153624668537, 263.9488586828896, 31.575306807693888, 110.42191811411355, 275.26351011349107, 0.0, 268.36542251191753, 20.615528128088304, 242.44174558025273, 268.4250360901531, 88.45903006477066, 119.4026800369238, 197.40820651634522, 123.54756169184401, 266.7901797293146, 139.84634424968, 150.71164520368026, 119.40686747419514, 241.96074061715052, 160.46183346827368, 110.42191811411355], [251.127457678367, 113.1591799192624, 141.36477637657833, 74.33034373659252, 95.77055915050303, 108.52188719332152, 103.24727599312246, 163.21764610482532, 193.70596273734063, 254.566297847928, 142.13022197970423, 279.0143365492175, 196.23710148695125, 157.20687007888682, 268.36542251191753, 0.0, 267.4714938082187, 202.7856010667424, 92.34717104492157, 259.6247291765559, 210.60151946270474, 83.00602387778854, 178.71765441612084, 63.56886030125127, 319.15670132397344, 305.1982961944578, 295.94931998570297, 44.14748010928823, 206.63010429267078, 244.2642012248213], [113.11056537742175, 309.19573088902763, 202.85216291674092, 253.0138336138955, 201.0994778710278, 299.84329240454923, 169.28378540191025, 280.47994580718245, 168.46661390317072, 57.14017850864661, 252.4915840181609, 51.92301994298868, 123.36936410632909, 262.9923953273174, 20.615528128088304, 267.4714938082187, 0.0, 226.76198976018887, 274.5268657162719, 108.07404868885037, 134.6476884316994, 200.6315030098713, 112.0044641967453, 270.7655812691118, 119.80818002123227, 130.14222988715076, 139.98928530426892, 244.00819658363937, 175.775424903483, 128.81770064707723], [128.84486796143648, 309.78218154051405, 65.19202405202648, 132.5028301584536, 229.94347131414713, 140.089257261219, 142.77955035648486, 78.44743462982075, 291.20439557122074, 175.75551200460256, 71.449282711585, 270.95571593897034, 259.26241532470533, 66.48308055437865, 242.44174558025273, 202.7856010667424, 226.76198976018887, 0.0, 280.01785657346926, 298.08220342717544, 280.4728150819612, 214.1494805036893, 125.19584657647394, 255.78311124857325, 189.90787240133042, 166.01204775557707, 340.28811322172277, 221.41589825484527, 305.91828974417336, 301.66372005927394], [295.05423230314796, 35.510561809129406, 215.0348808914498, 162.88953311984167, 74.10802925459562, 200.8606482116395, 148.60686390607938, 252.53910588263355, 145.08618128546908, 280.8629559055448, 228.26519664635694, 268.4939477902621, 168.65645555388622, 244.36448187083164, 268.4250360901531, 92.34717104492157, 274.5268657162719, 280.01785657346926, 0.0, 229.42754847663784, 174.42763542512407, 79.81227975693966, 218.22007240398395, 28.861739379323623, 355.65854411218635, 347.40466318113806, 256.55019002136794, 58.89821729050889, 153.3883959105121, 207.01932276963907], [210.09045670853305, 259.04825805243314, 253.97047072445253, 275.5358415887124, 168.66831356244717, 327.8078705583501, 188.95766721676048, 331.30801378777426, 88.84255736976509, 158.31929762350515, 300.3065100859454, 63.812224534175265, 63.7808748764079, 314.58703088334715, 88.45903006477066, 259.6247291765559, 108.07404868885037, 298.08220342717544, 229.42754847663784, 0.0, 55.154328932550705, 177.55280904564702, 173.0, 237.15395843207003, 227.86399452304877, 236.9155967850154, 42.579337712087536, 222.5758297749331, 88.05112151472007, 27.16615541441225], [215.29514625276622, 203.90193721492693, 228.0021929719098, 235.9194777885031, 116.69190203266035, 288.44410203711914, 154.042202009709, 301.59741378201505, 36.124783736376884, 171.84004189943624, 270.3516228913746, 105.80170130957252, 21.213203435596427, 285.84786163272236, 119.4026800369238, 210.60151946270474, 134.6476884316994, 280.4728150819612, 174.42763542512407, 55.154328932550705, 0.0, 127.61269529321916, 160.3277892319357, 183.21571984958058, 248.65236777477105, 252.43811122728675, 85.63293758829018, 171.21331723905124, 41.14608122288197, 33.94112549695428], [215.4738963308549, 115.20850663036997, 149.56603892595405, 122.00409829181969, 17.26267650163207, 171.9447585708852, 73.55270219373317, 204.47493733951845, 112.16059914247963, 201.89601283829256, 175.57049866079439, 203.05910469614506, 113.84638773364749, 192.33304448274092, 197.40820651634522, 83.00602387778854, 200.6315030098713, 214.1494805036893, 79.81227975693966, 177.55280904564702, 127.61269529321916, 0.0, 138.7155362603627, 70.34912934784623, 275.95108262154, 267.6191323504357, 213.0539837693724, 45.79301256742124, 125.86500705120545, 161.33505508723144], [76.84399781375251, 253.3081127796739, 90.97252332435328, 146.37281168304446, 148.48568954616468, 189.76037521042164, 76.0, 169.19810873647495, 177.74701122663075, 78.79086241436883, 140.61649974309557, 149.12075643584967, 139.51702405083043, 151.71684151734772, 123.54756169184401, 178.71765441612084, 112.0044641967453, 125.19584657647394, 218.22007240398395, 173.0, 160.3277892319357, 138.7155362603627, 0.0, 203.8062805705457, 141.12760183606892, 129.83836104942176, 215.11392330576837, 170.1558109498468, 191.42622599842477, 178.05897899291685], [280.3711825420009, 54.037024344425184, 191.31387822110554, 135.15176654413364, 71.16881339463234, 172.04650534085255, 130.6330739131557, 224.8399430706208, 157.68639763784319, 271.26555254952666, 201.40009930484146, 270.2480342204176, 174.26990560621763, 217.26711670199887, 266.7901797293146, 63.56886030125127, 270.7655812691118, 255.78311124857325, 28.861739379323623, 237.15395843207003, 183.21571984958058, 70.34912934784623, 203.8062805705457, 0.0, 343.6568055487917, 333.6420237320233, 267.72560579817537, 35.35533905932738, 167.91962362987834, 216.81328372588243], [70.3420215802759, 391.1265779770022, 203.42320418280704, 276.7417568781408, 282.85155117128136, 309.7418279793674, 217.0829334609241, 264.372842780797, 279.1146717748818, 78.77182237323191, 245.52392958732148, 169.09760495051373, 233.43093196918014, 248.84734276258607, 139.84634424968, 319.15670132397344, 119.80818002123227, 189.90787240133042, 355.65854411218635, 227.86399452304877, 248.65236777477105, 275.95108262154, 141.12760183606892, 343.6568055487917, 0.0, 25.238858928247925, 258.4511559269952, 310.75713990188547, 288.8200131569833, 247.68528418135784], [54.08326913195984, 382.6865558129786, 183.65728953678914, 258.7682360723588, 275.87315925983086, 289.35272592460575, 204.78769494283586, 241.49948240110163, 280.9270367906941, 80.65977932030313, 223.8861317723811, 181.34221791960084, 235.77319610167734, 226.35370551417972, 150.71164520368026, 305.1982961944578, 130.14222988715076, 166.01204775557707, 347.40466318113806, 236.9155967850154, 252.43811122728675, 267.6191323504357, 129.83836104942176, 333.6420237320233, 25.238858928247925, 0.0, 270.1184925176357, 299.90165054564136, 291.6058984314275, 254.80384612481814], [247.94555854057964, 283.3249018353311, 296.5299310356376, 316.26096818924714, 202.3116407921205, 368.70177650778953, 230.46474784660668, 373.75125417849773, 111.51681487560519, 194.20092687729377, 342.70833080040524, 89.35882720806042, 100.40418317978589, 357.07702250354896, 119.40686747419514, 295.94931998570297, 139.98928530426892, 340.28811322172277, 256.55019002136794, 42.579337712087536, 85.63293758829018, 213.0539837693724, 215.11392330576837, 267.72560579817537, 258.4511559269952, 270.1184925176357, 0.0, 256.8443108188305, 105.11898020814318, 51.73973328110612], [246.33716731342025, 89.05054744357274, 156.6301375853319, 105.84894897919393, 54.56189146281496, 148.49242404917499, 95.88013350011565, 194.9897433200013, 151.47607071745688, 240.05207768315609, 169.81166037701888, 248.65236777477105, 158.79546593023366, 186.07794065928394, 241.96074061715052, 44.14748010928823, 244.00819658363937, 221.41589825484527, 58.89821729050889, 222.5758297749331, 171.21331723905124, 45.79301256742124, 170.1558109498468, 35.35533905932738, 310.75713990188547, 299.90165054564136, 256.8443108188305, 0.0, 163.8566446623389, 205.1389772812568], [252.10513679812237, 178.53010950537168, 248.91765706755317, 244.29695045169925, 111.08555261599052, 295.9408724728641, 170.42300314218147, 318.0565987367657, 15.033296378372908, 211.29126815843574, 287.1741631832502, 145.34441853748632, 55.86591089385369, 303.37105992497044, 160.46183346827368, 206.63010429267078, 175.775424903483, 305.91828974417336, 153.3883959105121, 88.05112151472007, 41.14608122288197, 125.86500705120545, 191.42622599842477, 167.91962362987834, 288.8200131569833, 291.6058984314275, 105.11898020814318, 163.8566446623389, 0.0, 61.29437168288782], [223.60679774997897, 235.3720459187964, 253.04742638485774, 266.8520189168521, 150.6286825275983, 319.3994364428341, 182.69373278796402, 328.63505595112645, 63.56886030125127, 174.7483905505284, 297.40544715926103, 89.05054744357274, 49.658836071740545, 312.40518561637225, 110.42191811411355, 244.2642012248213, 128.81770064707723, 301.66372005927394, 207.01932276963907, 27.16615541441225, 33.94112549695428, 161.33505508723144, 178.05897899291685, 216.81328372588243, 247.68528418135784, 254.80384612481814, 51.73973328110612, 205.1389772812568, 61.29437168288782, 0.0]]}]